# 测序质量分数数据
# 每行代表一个读段的质量分数
# 格式：位置1 位置2 位置3 ... 位置N
35 38 40 42 38 35 30 28 25 22 20 18 15 12 10 8 5
40 42 45 43 40 38 35 32 30 28 25 23 20 18 15 12 8
38 40 42 45 42 40 38 35 33 30 28 25 22 20 17 14 10
42 45 47 45 43 40 38 35 32 30 27 25 22 19 16 13 9
36 38 40 42 40 38 35 32 30 27 25 22 20 17 15 12 8
39 41 43 45 43 41 38 36 33 31 28 26 23 21 18 15 11
37 39 41 43 41 39 36 34 31 29 26 24 21 19 16 13 9
41 43 45 47 45 43 40 38 35 33 30 28 25 23 20 17 13
38 40 42 44 42 40 37 35 32 30 27 25 22 20 17 14 10
40 42 44 46 44 42 39 37 34 32 29 27 24 22 19 16 12